79
211
518
641
888
1148
1169
1359
1790
2135
2390
2634
2828
2838
3001
3002
3003
3004
3005
3006
3007
3008
3009
3010
3011
3012
3013
3014
3015
3016
3017
3018
3019
3020
3021
3022
3023
3024
3025
3026
3027
3028
3029
3030
3031
3032
3033
3034
3035
3036
3037
3038
3039
3040
3041
3042
3043
3044
3045
3046
3047
3048
3049
3050
3051
3052
3053
3054
3055
3056
3057
3058
3059
3060
3061
3062
3063
3064
3065
3066
3067
3068
3069
3070
3071
3072
3073
3074
3075
3076
3077
3078
3079
3080
3081
3082
3083
3084
3085
3086
3087
3088
3089
3090
3091
3092
3093
3094
3095
3096
3097
3098
3099
3100
3101
3102
3103
3104
3105
3106
3107
3108
3109
3110
3111
3112
3113
3114
3115
3116
3117
3118
3119
3120
3121
3122
3123
3124
3125
3126
3127
3128
3129
3130
3131
3132
3133
3134
3135
3136
3137
3138
3139
3140
3141
3142
3143
3144
3145
3146
3147
3148
3149
3150
3151
3152
3153
3154
3155
3156
3157
3158
3159
3160
3161
3162
3163
3164
3165
3166
3167
3168
3169
3170
3171
3172
3173
3174
3175
3176
3177
3178
3179
3180
3181
3182
3183
3184
3185
3186
3187
3188
3189
3190
3191
3192
3193
3194
3195
3196
3197
3198
3199
3200
3252
3258
3879
3893
4278
4528
4677
4745
4986
5089
5180
5299
5364
5516
5675
5873
6054
6654
6776
7003
7184
7299
7504
7571
7826
8075
8323
8427
8640
8875
9063
9174
9267
9635
9715
9821
9961
9989
10129
10221
10339
10445
10632
10800
10872
10948
11027
11178
11300
11379
11483
11556
11696
12165
12204
13110
13227
13364
13464
13598
13792
13887
14538
14646
14736
14853
15189
15228
15843
17105
17120
17319
17801
17979
18146
18189
18288
18529
18609
18780
18830
19250
19417
19561
19795
20216
20330
20419
20552
20792
21055
21259
21335
21484
21560
21663
21888
22082
22313
22624
22723
22949
23143
23411
23450
23529
23660
23751
24011
24195
24320
24414
24975
25053
25194
25374
25571
25634
25820
25848
26023
26065
26253
26403
26516
26613
26997
27166
27243
27327
27559
27669
27902
28076
28294
28370
28511
28616
28914
29142
29377
29547
29934
30137
30604
30901
31078
31136
31254
31344
31437
31556
31690
31778
31892
31983
32220
32244
32732
32858
32949
32978
33224
33791
33890
33966
34173
34383
34479
34595
34791
35235
35335
35520
35644
35738
35990
36196
36285
36534
36636
36694
36857
37104
37330
37743
38001
38192
38479
38645
38809
38919
39004
39213
39854
40019
40418
40527
40642
40796
40851
41216
41334
41594
41783
42110
42234
42474
42725
42834
42848
43043
43053
43329
43524
43659
44001
44149
