11
51
53
59
129
212
218
276
295
300
336
340
341
411
451
452
487
546
652
656
662
667
669
674
677
680
681
682
716
717
719
759
763
767
866
867
960
965
1041
1047
1048
1085
1086
1105
1110
1111
1146
1151
1159
1165
1174
1259
1316
1317
1322
1327
1366
1372
1426
1428
1432
1492
1497
1577
1583
1658
1661
1666
1676
1677
1682
1716
1735
1740
1741
1781
1858
1859
1871
1921
1930
1970
1972
1975
1980
1985
2159
2186
2187
2188
2189
2191
2326
2331
2332
2346
2365
2370
2371
2487
2527
2546
2547
2557
2559
2564
2576
2577
2581
2582
2626
2686
2688
2692
2757
2832
2834
2837
2937
2942
2971
2976
2983
2986
2988
2998
3001
3002
3003
3004
3005
3006
3007
3008
3009
3010
3011
3012
3013
3014
3015
3016
3017
3018
3019
3020
3021
3022
3023
3024
3025
3026
3027
3028
3029
3030
3031
3032
3033
3034
3035
3036
3037
3038
3039
3040
3041
3081
3082
3201
3202
3207
3300
3381
3387
3457
3515
3520
3522
3600
3605
3606
3729
3733
3737
3862
3955
3956
3972
4090
4105
4125
4126
4127
4179
4183
4187
4293
4294
4298
4299
4325
4326
4328
4335
4338
4350
4356
4461
4462
4467
4551
4552
4557
4643
4649
4661
4667
4673
4718
4736
4737
4738
4742
4761
4771
4772
4776
4777
4778
4789
4791
4795
4796
4802
4806
4807
4808
4813
4814
4816
4819
4821
4822
4825
4826
4866
4991
4996
4997
5001
5007
5037
5087
5187
5192
5193
5197
5198
5226
5245
5251
5361
5362
5367
5369
5407
5419
5426
5427
5437
5438
5439
5444
5456
5457
5506
5512
5518
5572
5662
5712
5717
5817
5909
5998
6003
6016
6031
6067
6132
6138
6219
6261
6263
6329
6334
6339
6377
6431
6436
6446
6447
6448
6453
6466
6471
6473
6476
6539
6626
6627
6632
6720
6725
6726
6821
6826
6838
6841
6842
6877
6878
6881
6883
6896
6942
6948
7045
7046
7051
7052
7057
7059
7064
7069
7144
7149
7187
7257
7349
7437
7475
7476
7495
7536
7540
7541
7606
7607
7611
7612
7656
7657
7686
7687
7688
7692
7693
7706
7707
7711
7712
7716
7717
7718
7752
7756
7758
7762
7812
7818
7822
7881
7882
7887
7959
7967
7972
7978
8067
8105
8106
8130
8166
8170
8171
8241
8247
8306
8307
8317
8319
8324
8336
8337
8386
8392
8398
8452
8487
8527
8603
8609
8697
8761
8767
8815
8816
8825
8917
8918
8919
8923
8924
8929
8930
8931
8935
8936
8937
8941
8947
8948
8949
8953
8954
8955
8961
8965
8966
8967
8971
8972
8973
8977
8979
9016
9021
9022
9028
9082
9096
9103
9233
9239
9327
9361
9362
9397
9398
9401
9472
9478
9526
9621
9623
9629
9669
9673
9677
9682
9707
9753
9758
9759
9764
9774
9777
9783
9807
9876
9879
9880
9881
9946
9951
9957
10047
10048
10051
10053
10057
10058
10059
10060
10061
10063
10064
10065
10066
10067
10113
10119
10127
10132
10137
10138
10139
10143
10144
10149
10157
10162
10163
10168
10208
10209
10214
10216
10227
10251
10252
10256
10257
10260
10265
10266
10278
10280
10285
10290
10296
10407
10510
10577
10583
10588
10598
10600
10676
10677
10678
10682
10683
10701
10702
10710
10711
10715
10716
10717
10718
10728
10729
10730
10734
10735
10736
10741
10746
10748
10753
10760
10796
10857
10979
11019
11027
11057
11096
11097
11098
11102
11108
11127
11138
11165
11166
11225
11226
11229
11230
11231
11235
11301
11307
11425
11426
11430
11435
11546
11547
11557
11559
11576
11577
11582
11626
11631
11632
11636
11637
11638
11648
11751
11757
11843
11849
11932
11937
11976
11995
12000
12001
12131
12187
12191
12193
12258
12406
12409
12446
12447
12448
12451
12566
12567
12572
12619
12660
12741
12747
12781
12817
12821
12823
12882
12960
12964
13044
13046
13047
13049
13092
13094
13097
13197
13202
13255
13261
13315
13320
13325
13372
13377
13437
13466
13467
13471
13472
13473
13477
13516
13522
13576
13582
13637
13641
13642
13727
13797
13798
13833
13852
13885
13891
13900
13960
13962
14091
14097
14169
14173
14177
14207
14252
14258
14266
14267
14276
14277
14302
14316
14335
14340
14341
14405
14410
14457
14566
14569
14571
14613
14627
14632
14637
14638
14643
14657
14662
14663
14711
14716
14717
14726
14727
14751
14752
14785
14791
14901
14902
14907
14909
14969
14972
14977
15070
15077
15078
15083
15088
15093
15095
15098
15100
15101
15105
15108
15113
15118
15196
15202
15216
15235
15240
15241
15351
15352
15357
15471
15506
15507
15626
15627
15719
15725
15806
15807
15925
15926
15940
15942
15990
16046
16056
16057
16058
16063
16126
16132
16138
16188
16192
16251
16257
16259
16337
16436
16437
16476
16565
16612
16617
16657
16676
16687
16706
16707
16752
16756
16762
16812
16818
16822
16840
16843
16844
16845
16849
16891
16893
16894
16895
16898
16899
16900
16947
16948
16949
17023
17031
17032
17033
17071
17105
17106
17124
17166
17241
17242
17247
17306
17311
17365
17366
17370
17375
17549
17571
17697
17698
17703
17711
17736
17755
17760
17796
17800
17801
17825
17880
17917
17923
17925
17931
18027
18029
18032
18039
18147
18240
18321
18327
18397
18398
18401
18403
18468
18616
18619
18620
18621
18672
18674
18677
18777
18816
18835
18840
18841
18957
19046
19047
19052
19096
19102
19158
19162
19211
19221
19256
19257
19259
19304
19307
19407
19510
19511
19581
19587
19656
19657
19658
19662
19663
19671
19676
19677
19686
19687
19688
19722
19841
19851
19857
19898
19932
19934
19937
20037
20076
20077
20078
20091
20096
20107
20108
20113
20121
20126
20127
20176
20232
20236
20238
20242
20301
20302
20307
20346
20359
20364
20370
20412
20416
20417
20419
20424
20425
20481
20482
20487
20546
20557
20561
20622
20628
20713
20761
20762
20763
20764
20765
20767
20768
20769
20822
20829
20937
21030
21106
21111
21117
21151
21187
21236
21252
21312
21356
21357
21367
21386
21387
21391
21392
21436
21441
21442
21448
21496
21502
21561
21567
21647
21717
21722
21728
21747
21748
21752
21758
21786
21805
21810
21811
21941
21958
21986
21997
21998
22001
22003
22062
22191
22195
22196
22197
22201
22202
22207
22209
22251
22252
22258
22325
22326
22332
22463
22576
22582
22591
22592
22627
22692
22698
22814
22821
22826
22856
22886
22887
22888
22891
22991
22996
22997
23087
23192
23198
23226
23286
23290
23291
23315
23361
23362
23367
23437
23439
23456
23457
23506
23566
23568
23572
23617
23717
23723
23729
23792
23798
23851
23881
23887
23935
23936
23946
24109
24110
24116
24119
24162
24167
24262
24266
24267
24306
24325
24331
24336
24441
24446
24447
24449
24525
24526
24531
24532
24535
24536
24537
24541
24542
24543
24547
24555
24556
24591
24592
24646
24652
24717
24722
24810
24815
24816
24892
24897
24951
24956
24957
24961
24967
24969
24981
24986
24987
24991
24992
24993
24997
24999
25041
25042
25167
25253
25254
25259
25322
25328
25331
25336
25347
25381
25382
25412
25417
25476
25482
25581
25584
25585
25591
25644
25716
25722
25791
25797
25837
25838
25843
25851
25856
25941
25942
25944
25996
25998
26002
26091
26092
26093
26105
26106
26110
26116
26176
26177
26179
26184
26241
26242
26247
26280
26281
26282
26283
26284
26285
26286
26287
26288
26289
26290
26291
26292
26293
26294
26295
26296
26297
26298
26299
26300
26301
26302
26303
26304
26305
26306
26307
26308
26309
26310
26311
26312
26313
26314
26315
26316
26317
26318
26319
26320
26321
26322
26323
26324
26325
26326
26327
26328
26329
26330
26331
26332
26333
26334
26335
26336
26337
26338
26339
26340
26341
26342
26343
26344
26345
26346
26347
26348
26349
26350
26351
26352
26353
26354
26355
26356
26357
26358
26359
26360
26361
26362
26363
26392
26428
26437
26440
26443
26517
26521
26522
26527
26555
26556
26562
26569
26574
26615
26691
26697
26731
26732
26767
26838
26936
26937
26947
26948
26949
26954
26966
26967
26972
27016
27021
27022
27026
27028
27082
27147
27239
27321
27327
27361
27462
27566
27577
27578
27582
27583
27596
27597
27607
27642
27646
27648
27702
27708
27809
27839
27844
27849
27879
27952
27957
28050
28055
28056
28131
28137
28171
28207
28272
28407
28425
28426
28461
28462
28571
28572
28586
28587
28673
28679
28766
28791
28792
28796
28797
28837
28841
28843
28856
28902
28908
29031
29037
29039
29110
29114
29117
29123
29138
29197
29227
29255
29256
29274
29275
29316
29386
29391
29392
29437
29441
29541
29542
29546
29547
29667
29668
29673
29678
29681
29730
29766
29770
29771
29841
29842
29847
29917
29921
29982
30149
30176
30177
30182
30189
30296
30297
30302
30308
30336
30355
30360
30396
30400
30401
30477
30517
30621
30622
30728
30736
30766
30786
30793
30795
30798
30799
30801
30803
30804
30805
30806
30807
30808
30816
30921
30927
31002
31012
31016
31017
31020
31021
31022
31026
31027
31097
31118
31196
31197
31238
31266
31268
31332
31442
31448
31451
31547
31553
31558
31565
31568
31570
31583
31588
31647
31691
31695
31701
31707
31719
31721
31725
31727
31736
31737
31827
31901
31904
31907
31949
31977
31979
31982
31989
32097
32183
32189
32252
32258
32277
32316
32335
32340
32341
32405
32527
32528
32531
32533
32592
32727
32802
32804
32807
32906
32907
33000
33005
33076
33081
33087
33088
33157
33158
33163
33176
33177
33187
33188
33222
33341
33357
33443
33449
33512
33518
33521
33536
33537
33571
33572
33574
33575
33576
33577
33578
33579
33580
33581
33582
33583
33584
33585
33586
33587
33588
33589
33590
33591
33592
33593
33594
33595
33596
33597
33598
33599
33600
33601
33602
33603
33604
33605
33606
33607
33608
33609
33610
33611
33612
33613
33614
33615
33616
33617
33618
33619
33620
33621
33622
33623
33624
33625
33626
33627
33666
33667
33807
33887
33893
33899
33962
33968
33976
33986
33987
34051
34105
34106
34128
34207
34211
34214
34215
34217
34219
34279
34322
34329
34436
34437
34442
34443
34475
34530
34606
34611
34617
34681
34690
34740
34745
34750
34871
34911
34941
34942
35061
35067
35106
35107
35125
35130
35131
35195
35311
35353
35357
35363
35423
35435
35498
35501
35506
35507
35516
35517
35522
35551
35645
35646
35652
35697
35700
35811
35812
35859
35867
35897
35967
35972
35973
35977
35978
36005
36012
36018
36019
36024
36060
36065
36066
36136
36141
36147
36148
36153
36205
36211
36270
36387
36392
36397
36399
36400
36405
36406
36410
36411
36412
36416
36417
36422
36426
36427
36429
36430
36431
36435
36436
36471
36472
36597
36689
36777
36816
36835
36876
36946
36971
36976
36991
36992
37027
37031
37046
37092
37249
37286
37287
37288
37401
37407
37500
37581
37587
37621
37715
37807
37826
37827
37837
37906
37912
37972
38037
38112
38114
38117
38217
38222
38223
38228
38256
38275
38391
38397
38497
38500
38501
38504
38506
38541
38542
38661
38667
38760
38841
38846
38847
38906
38917
38918
38922
38923
38936
38986
38992
38998
39048
39052
39111
39112
39117
39203
39209
39278
39296
39297
39298
39302
39303
39308
39336
39355
39361
39471
39472
39477
39479
39550
39556
39562
39580
39584
39585
39586
39621
39622
39747
39752
39846
39850
39851
39855
39921
39922
39927
39967
39968
39969
39979
39986
39987
39991
39997
39998
39999
40004
40016
40017
40021
40022
40023
40027
40029
40066
40072
40126
40132
40208
40210
40216
40242
40247
40249
40254
40259
40290
40295
40302
40307
40309
40314
40319
40361
40366
40367
40371
40372
40376
40377
40416
40417
40418
40419
40422
40423
40424
40425
40429
40430
40431
40436
40447
40448
40449
40453
40454
40461
40466
40467
40471
40521
40522
40526
40528
40531
40629
40631
40634
40637
40647
40649
40686
40765
40775
40776
40906
40907
40922
40943
40990
40997
41008
41018
41020
41072
41078
41096
41097
41136
41137
41167
41172
41277
41335
41336
41341
41342
41345
41439
41447
41477
41546
41547
41585
41640
41645
41721
41727
41845
41846
41862
42016
42019
42022
42023
42062
42069
42177
42270
42346
42351
42356
42357
42391
42392
42498
42621
42626
42627
42632
42645
42646
42647
42681
42682
42807
42882
42887
42956
42957
42962
42968
42987
42992
43045
43051
43115
43120
43226
43237
43239
43256
43257
43262
43306
43312
43368
43372
43431
43437
43517
43617
43656
43675
43716
43721
43791
43797
43867
43872
43873
43886
43887
43892
43896
43897
43898
43932
43936
43938
43998
44067
44069
44142
44144
44147
