3053
90
227
854
227
0
663
8283
250
250
248
266
266
267
267
248
248
264
264
266
266
243
243
264
264
248
249
249
259
259
244
244
250
250
237
237
229
257
257
255
257
257
257
253
260
224
243
243
243
244
230
248
274
274
237
237
232
262
262
237
238
238
233
233
244
243
243
238
238
258
234
234
236
243
245
284
229
307
279
267
264
270
268
268
268
251
251
237
237
273
268
268
261
260
262
262
248
271
271
240
273
257
266
229
230
225
246
271
262
272
266
267
275
265
262
243
247
264
236
230
256
255
255
255
236
236
259
255
249
253
244
243
260
250
233
263
263
260
267
271
208
208
217
260
213
213
239
244
217
249
252
252
252
253
262
235
242
242
239
241
241
227
227
204
272
262
251
273
261
260
237
262
248
271
241
273
257
271
266
225
229
230
246
205
226
254
250
226
257
257
226
271
243
235
231
224
313
296
335
428
231
224
313
296
335
242
242
226
428
216
506
242
224
674
733
220
224
1014
231
220
220
220
266
436
531
629
727
727
727
821
925
1022
344
449
541
638
729
822
900
1016
231
231
246
238
241
238
254
255
259
242
276
216
222
270
228
0
256
0
601
594
658
2119
1192
2176
2272
2147
2192
0
0
531
444
0
2164
1409
1488
1587
1451
1518
1070
1095
2389
2534
2141
2405
2349
2389
2100
2107
1995
1980
