4
125
243
339
495
539
710
901
959
1167
1359
1640
1779
1790
2075
2424
2601
3001
3002
3003
3004
3005
3006
3007
3008
3009
3010
3011
3012
3013
3014
3015
3016
3017
3018
3019
3020
3021
3022
3023
3024
3025
3026
3027
3028
3029
3030
3031
3032
3033
3034
3035
3036
3037
3038
3039
3040
3041
3042
3043
3044
3045
3046
3047
3048
3049
3050
3051
3052
3053
3054
3055
3056
3057
3058
3059
3060
3061
3062
3063
3064
3065
3066
3067
3068
3069
3070
3071
3072
3073
3074
3075
3076
3077
3078
3079
3080
3081
3082
3083
3084
3085
3086
3087
3088
3089
3090
3091
3092
3093
3094
3095
3096
3097
3098
3099
3100
3101
3102
3103
3104
3105
3106
3107
3108
3109
3110
3111
3112
3113
3114
3115
3116
3117
3118
3119
3120
3121
3122
3123
3124
3125
3126
3127
3128
3129
3130
3131
3132
3133
3134
3135
3136
3137
3138
3139
3140
3141
3142
3143
3144
3145
3146
3147
3148
3149
3150
3151
3152
3153
3154
3155
3156
3157
3158
3159
3160
3161
3162
3163
3164
3165
3166
3167
3168
3169
3170
3171
3172
3173
3174
3175
3176
3177
3178
3179
3180
3181
3182
3183
3184
3185
3186
3187
3188
3189
3190
3191
3192
3193
3194
3195
3196
3197
3198
3199
3200
3320
3458
3530
3664
3731
4059
4466
4523
4676
4795
5094
5237
5300
5445
5516
5663
5735
5848
5929
6062
6486
6692
6879
7299
7504
7698
7819
8454
8674
8758
8969
9070
9174
9259
9388
9506
9609
9823
10033
10233
10339
10495
10690
10800
10953
11173
11274
11489
12324
12404
12675
12776
12889
13034
13129
13378
13464
13594
13674
13794
14019
14639
14734
14855
14991
15333
15644
16292
16503
16677
17108
17455
17685
17810
17936
18145
18189
18317
18801
18950
19041
19248
19668
19789
20088
20214
20331
20409
20570
20979
21049
21186
21259
21670
21875
21988
22122
22408
22488
22614
22757
23150
23240
23413
23448
23660
23871
24094
24319
24414
24531
24829
24969
25055
25209
25409
25593
25706
25815
25875
26332
26404
26545
26946
26996
27171
27245
27470
27605
27680
27996
28299
28618
28828
29267
29364
29702
29874
29934
30339
30779
30911
31076
31144
31482
31556
31653
31910
32148
32339
32417
32544
32739
33035
33156
33372
33446
33891
33965
34221
34368
34479
34640
34854
35069
35531
35644
35721
36196
36694
36759
37104
37236
37324
37734
37864
38186
38479
38698
38893
39137
39214
39425
39494
39624
39756
39858
40014
40200
40301
40412
40512
40648
40769
40928
41094
41216
41334
41594
41716
42195
42417
42588
42815
43039
43459
43641
44093
44150
